Date,Confirmed,Recovered,Death
1/22/2020,555,28,17
1/23/2020,654,30,18
1/24/2020,941,36,26
1/25/2020,1434,39,42
1/26/2020,2118,52,56
1/27/2020,2927,61,82
1/28/2020,5578,107,131
1/29/2020,6167,126,133
1/30/2020,8235,143,171
1/31/2020,9927,222,213
2/1/2020,12038,284,259
2/2/2020,16787,472,362
2/3/2020,19887,623,426
2/4/2020,23898,852,492
2/5/2020,27643,1124,564
2/6/2020,30803,1487,634
2/7/2020,34396,2011,719
2/8/2020,37130,2616,806
2/9/2020,40160,3244,906
2/10/2020,42769,3946,1013
2/11/2020,44811,4683,1113
2/12/2020,45229,5150,1118
2/13/2020,60382,6295,1371
2/14/2020,66909,8058,1523
2/15/2020,69051,9395,1666
2/16/2020,71235,10865,1770
2/17/2020,73270,12583,1868
2/18/2020,75152,14352,2008
2/19/2020,75652,16121,2123
2/20/2020,76212,18177,2248
2/21/2020,76841,18890,2252
2/22/2020,78602,22886,2459
2/23/2020,78982,23394,2470
2/24/2020,79546,25227,2630
2/25/2020,80399,27905,2710
2/26/2020,81376,30384,2771
2/27/2020,82736,33276,2814
2/28/2020,84123,36710,2873
2/29/2020,86013,39781,2942
3/1/2020,88394,42715,2996
3/2/2020,90377,45601,3085
3/3/2020,92971,48227,3160
3/4/2020,95279,51169,3255
3/5/2020,98090,53795,3349
3/6/2020,102003,55863,3460
3/7/2020,106098,58357,3564
3/8/2020,110047,60692,3803
3/9/2020,114219,62491,3993
3/10/2020,119041,64400,4267
3/11/2020,126702,66998,4611
3/12/2020,132492,68320,4917
3/13/2020,146879,70248,5414
3/14/2020,157952,72619,5834
3/15/2020,169222,76029,6475
3/16/2020,184032,78083,7153
3/17/2020,199976,80830,7965
3/18/2020,219535,83316,8868
3/19/2020,246584,84958,9980
3/20/2020,277361,87402,11461
3/21/2020,309363,91648,13183
3/22/2020,344194,97867,14857
3/23/2020,387045,98336,16798
3/24/2020,428205,107970,19083
3/25/2020,479223,113754,21882
3/26/2020,542053,122126,24902
3/27/2020,607114,130911,28396
3/28/2020,674360,139419,32112
3/29/2020,733612,148864,35588
3/30/2020,798890,164323,39640
3/31/2020,875739,177811,44389
4/1/2020,952172,193172,50344
4/2/2020,1033388,210226,56197
4/3/2020,1116618,225679,62319
4/4/2020,1175629,246122,68490
4/5/2020,1246549,260015,73673
4/6/2020,1318482,276606,79599
4/7/2020,1388956,299932,87833
4/8/2020,1473309,328749,94581
4/9/2020,1558977,354002,102328
4/10/2020,1643587,375786,109717
4/11/2020,1718073,402036,115956
4/12/2020,1837439,421462,121783
4/13/2020,1907058,448720,127705
4/14/2020,1990793,473792,134675
4/15/2020,2072667,510366,143023
4/16/2020,2169593,541282,150302
4/17/2020,2257225,567473,158662
4/18/2020,2334507,591332,164686
4/19/2020,2410704,623097,169946
4/20/2020,2485347,645251,175822
4/21/2020,2561192,680052,183003
4/22/2020,2642885,710180,189721
4/23/2020,2726775,738911,196546
4/24/2020,2812325,788995,203214
4/25/2020,2895703,816706,208851
4/26/2020,2967633,845447,212802
4/27/2020,3037310,873295,217472
4/28/2020,3112818,906503,224001
4/29/2020,3191303,948551,230727
4/30/2020,3275136,1013642,236716
5/1/2020,3362854,1051769,241871
5/2/2020,3442433,1092429,247384
5/3/2020,3518905,1124923,250868
5/4/2020,3595904,1158983,254974
5/5/2020,3676385,1195450,260846
5/6/2020,3766928,1241566,267394
5/7/2020,3855986,1281058,272685
5/8/2020,3946360,1317467,278158
5/9/2020,4031230,1370954,282439
5/10/2020,4106395,1404741,286043
5/11/2020,4183162,1451612,289506
5/12/2020,4267380,1488648,295031
5/13/2020,4352926,1544558,300101
5/14/2020,4449365,1584235,305291
5/15/2020,4545629,1632322,310409
5/16/2020,4640255,1688733,314683
5/17/2020,4717963,1729735,317880
5/18/2020,4806756,1782629,321581
5/19/2020,4903625,1834691,326272
5/20/2020,5005715,1893678,331032
5/21/2020,5112537,1944890,335751
5/22/2020,5218869,2053495,341018
5/23/2020,5323651,2108342,344986
5/24/2020,5417600,2163864,347995
5/25/2020,5503997,2227564,349194
5/26/2020,5597738,2282728,353374
5/27/2020,5700726,2346070,358437
5/28/2020,5820243,2412936,363053
5/29/2020,5941222,2490221,367647
5/30/2020,6078182,2560679,371709
5/31/2020,6184705,2637065,374692
6/1/2020,6288127,2691986,377777
6/2/2020,6409805,2796103,382489
6/3/2020,6524356,2875194,387924
6/4/2020,6654920,2945260,393050
6/5/2020,6786228,3014448,397602
6/6/2020,6920405,3086663,401455
6/7/2020,7032301,3141769,404207
6/8/2020,7134857,3293367,407895
6/9/2020,7259720,3375638,412720
6/10/2020,7394828,3454831,417778
6/11/2020,7532630,3540697,422455
6/12/2020,7661284,3620439,426668
6/13/2020,7796607,3706341,430856
6/14/2020,7929084,3777160,434273
6/15/2020,8048481,3857422,437692
6/16/2020,8190524,3955282,444413
6/17/2020,8333842,4074109,449506
6/18/2020,8474095,4155262,454471
6/19/2020,8653856,4250256,460619
6/20/2020,8810515,4366114,464821
6/21/2020,8938552,4434801,468831
6/22/2020,9076804,4526428,472390
6/23/2020,9242782,4630485,477609
6/24/2020,9413951,4746241,482785
6/25/2020,9592467,4839116,487479
6/26/2020,9783743,4945101,492189
6/27/2020,9961349,5051384,496669
6/28/2020,10124816,5140583,499818
6/29/2020,10279150,5235162,503548
6/30/2020,10453144,5352501,508481
7/1/2020,10670689,5468415,513409
7/2/2020,10879580,5753351,518475
7/3/2020,11081207,5863237,523410
7/4/2020,11275164,6058998,527795
7/5/2020,11458217,6178356,531278
7/6/2020,11622711,6302046,535115
7/7/2020,11834268,6447070,541122
7/8/2020,12048172,6605125,546420
7/9/2020,12274995,6739752,551800
7/10/2020,12499511,6879196,557086
7/11/2020,12716887,7004895,561896
7/12/2020,12909403,7116722,565887
7/13/2020,13100182,7257042,569780
7/14/2020,13321954,7399286,575359
7/15/2020,13553556,7559103,580768
7/16/2020,13805553,7711594,586540
7/17/2020,14047878,7895014,593183
7/18/2020,14284153,8045805,598802
7/19/2020,14497750,8133862,602877
7/20/2020,14703987,8292990,607074
7/21/2020,14937252,8467684,613243
7/22/2020,15218679,8647419,620161
7/23/2020,15501567,8823649,630062
7/24/2020,15782781,9051952,636115
7/25/2020,16037160,9271763,641645
7/26/2020,16250041,9415063,645339
7/27/2020,16475833,9586444,650519
7/28/2020,16727820,9756902,656806
7/29/2020,17019450,9959504,663393
7/30/2020,17299862,10173018,669427
7/31/2020,17590801,10372622,675634
8/1/2020,17839725,10556520,681100
8/2/2020,18071254,10695236,685412
8/3/2020,18276904,10917682,690075
8/4/2020,18533341,11141339,696677
8/5/2020,18810016,11363031,703683
8/6/2020,19095179,11551839,710145
8/7/2020,19376744,11743885,716440
8/8/2020,19635237,11944138,721870
8/9/2020,19860571,12122912,726447
8/10/2020,20087537,12287102,731706
8/11/2020,20344121,12592169,737916
8/12/2020,20621615,12832813,744515
8/13/2020,20911416,12996720,750724
8/14/2020,21214512,13279951,760852
8/15/2020,21461874,13448562,766240
8/16/2020,21678065,13681512,770458
8/17/2020,21885879,13892523,774602
8/18/2020,22144138,14120142,781489
8/19/2020,22424104,14338141,788193
8/20/2020,22696538,14545934,794239
8/21/2020,22957556,14714431,799675
8/22/2020,23221983,14924359,805248
8/23/2020,23428421,15140884,809114
8/24/2020,23653584,15340294,813597
8/25/2020,23897383,15571781,819861
8/26/2020,24181595,15797517,826152
8/27/2020,24465330,16004741,832035
8/28/2020,24748965,16203865,837541
8/29/2020,25015437,16415283,842810
8/30/2020,25236699,16625513,846844
8/31/2020,25499317,16826310,851062
9/1/2020,25764220,17084235,857499
9/2/2020,26047805,17303472,863577
9/3/2020,26328824,17524827,869282
9/4/2020,26642643,17738330,875156
9/5/2020,26912605,17939338,880106
9/6/2020,27143348,18151103,883895
9/7/2020,27361075,18348624,893253
9/8/2020,27602981,18550441,898164
9/9/2020,27887688,18790708,904263
9/10/2020,28187730,19007334,910065
9/11/2020,28508666,19230990,915946
9/12/2020,28795068,19453921,920846
9/13/2020,29037765,19641755,924517
9/14/2020,29300957,19870221,928933
9/15/2020,29586377,20096497,935455
9/16/2020,29890419,20325979,941261
9/17/2020,30205112,20546167,946732
9/18/2020,30530715,20797307,952422
9/19/2020,30822979,21034286,957683
9/20/2020,31075065,21271334,961408
9/21/2020,31350821,21516778,965503
9/22/2020,31635042,21736266,971459
9/23/2020,31910493,21999681,977093
9/24/2020,32262651,22255324,983764
9/25/2020,32592948,22494541,989651
9/26/2020,32880906,22756691,994981
9/27/2020,33132305,22970547,998642
9/28/2020,33386140,23193065,1002584
9/29/2020,33668179,23434352,1008546
9/30/2020,33996322,23682551,1014974
10/1/2020,34314446,23904098,1023674
10/2/2020,34611681,24076401,1028677
10/3/2020,34943763,24332013,1034044
10/4/2020,35205506,24554144,1037856
10/5/2020,35505922,24791579,1044776
10/6/2020,35832039,25024212,1050567
10/7/2020,36182846,25279405,1056399
10/8/2020,36543890,25498907,1062656
10/9/2020,36904287,25705707,1068813
10/10/2020,37260796,25901133,1073669
10/11/2020,37548224,26123757,1077647
10/12/2020,37839129,26323829,1081588
10/13/2020,38158142,26516266,1086862
10/14/2020,38540161,26728514,1092921
10/15/2020,38946718,26935787,1099017
10/16/2020,39357905,27138778,1105159
10/17/2020,39730605,27337096,1110742
10/18/2020,40047114,27538505,1114244
10/19/2020,40433331,27740913,1119042
10/20/2020,40821933,27952394,1125593
10/21/2020,41266493,28163855,1132261
10/22/2020,41738433,28390641,1138148
10/23/2020,42234397,28597469,1145099
10/24/2020,42691087,28809035,1150925
10/25/2020,43051170,29006237,1155065
10/26/2020,43536814,29245329,1160533
10/27/2020,44006276,29835051,1167903
10/28/2020,44517379,30101025,1175040
10/29/2020,45067541,30347682,1182095
10/30/2020,45637658,30603433,1189658
10/31/2020,46113465,30847856,1196209
11/1/2020,46575736,31105741,1201152
11/2/2020,47136486,31385632,1207222
11/3/2020,47689293,31637087,1216564
11/4/2020,48199622,31916319,1226752
11/5/2020,48794945,32219865,1234763
11/6/2020,49438618,32508227,1244381
11/7/2020,50036298,32807319,1251920
11/8/2020,50515513,33060197,1257688
11/9/2020,51017685,33316917,1264797
11/10/2020,51575582,33573921,1274783
11/11/2020,52223757,33954283,1285187
11/12/2020,52870794,34179713,1294946
11/13/2020,53521418,34481758,1304504
11/14/2020,54116492,34759832,1313512
11/15/2020,54590191,34989529,1319790
11/16/2020,55120479,35379537,1327640
11/17/2020,55728841,35812932,1338726
11/18/2020,56355318,36176079,1350039
11/19/2020,57006705,36549166,1360998
11/20/2020,57673512,36904541,1372825
11/21/2020,58262037,37243760,1381629
11/22/2020,58749938,37516157,1388685
11/23/2020,59268403,37926204,1397003
11/24/2020,59857850,38297736,1409759
11/25/2020,60494209,38734713,1421822
11/26/2020,61078085,39099936,1432564
11/27/2020,61749078,39476656,1443210
11/28/2020,62346903,39831860,1452974
11/29/2020,62834341,40157958,1459909
11/30/2020,63339265,40559345,1468577
12/1/2020,63947958,41034926,1481417
12/2/2020,64596103,41496310,1493824
12/3/2020,65288306,41932083,1506305
12/4/2020,65968507,42352013,1518704
12/5/2020,66610808,42789871,1528903
12/6/2020,67149510,43103819,1536100
12/7/2020,67663843,43515451,1544592
12/8/2020,68302251,43956174,1556866
12/9/2020,68973078,44382129,1569344
12/10/2020,70466211,44871360,1581982
12/11/2020,71164680,45349922,1594878
12/12/2020,71787629,46856934,1605103
12/13/2020,72335630,47249332,1612487
12/14/2020,72859287,41257161,1621452
12/15/2020,73485176,41615682,1635415
12/16/2020,74219546,41977327,1648956
12/17/2020,74952221,42349997,1662127
